=== nvidia query ===
index, uuid, utilization.gpu [%], utilization.memory [%], memory.used [MiB], memory.total [MiB], temperature.gpu, power.draw [W], clocks.current.sm [MHz], clocks_event_reasons.active, pstate
0, GPU-REDACTED, 98 %, 28 %, 20914 MiB, 183359 MiB, 64, 767.23 W, 1965 MHz, 0x0000000000000000, P0
1, GPU-REDACTED, 0 %, 0 %, 0 MiB, 183359 MiB, 59, 231.52 W, 1965 MHz, 0x0000000000000001, P0
2, GPU-REDACTED, 0 %, 0 %, 0 MiB, 183359 MiB, 34, 190.21 W, 1965 MHz, 0x0000000000000001, P0
3, GPU-REDACTED, 0 %, 0 %, 0 MiB, 183359 MiB, 44, 201.41 W, 1965 MHz, 0x0000000000000001, P0
4, GPU-REDACTED, 0 %, 0 %, 0 MiB, 183359 MiB, 33, 187.09 W, 1965 MHz, 0x0000000000000001, P0
5, GPU-REDACTED, 0 %, 0 %, 0 MiB, 183359 MiB, 42, 202.55 W, 1965 MHz, 0x0000000000000001, P0
6, GPU-REDACTED, 0 %, 0 %, 0 MiB, 183359 MiB, 34, 187.69 W, 1965 MHz, 0x0000000000000001, P0
7, GPU-REDACTED, 0 %, 0 %, 0 MiB, 183359 MiB, 41, 191.30 W, 1965 MHz, 0x0000000000000001, P0
=== compute apps ===
gpu_bus_id, pid, process_name, used_gpu_memory [MiB]
00000000:8F:00.0, 2211702, python, 20900 MiB
=== dmon 5 ===
# gpu    pwr  gtemp  mtemp     sm    mem    enc    dec    jpg    ofa   mclk   pclk  pviol  tviol     fb   bar1   ccpm  sbecc  dbecc    pci  rxpci  txpci
# Idx      W      C      C      %      %      %      %      %      %    MHz    MHz      %   bool     MB     MB     MB   errs   errs   errs   MB/s   MB/s
    0    765     65     62     98     28      0      0      0      0   3996   1965      0      0  20914  20915      0      0      0      0     40      5
    1    231     59     55      0      0      0      0      0      0   3996   1965      0      0      0      1      0      0      0      0      0      0
    2    190     34     33      0      0      0      0      0      0   3996   1965      0      0      0      1      0      0      0      0      0      0
    3    201     44     42      0      0      0      0      0      0   3996   1965      0      0      0      1      0      0      0      0      0      2
    4    187     33     31      0      0      0      0      0      0   3996   1965      0      0      0      1      0      0      0      0      0      0
    5    202     42     40      0      0      0      0      0      0   3996   1965      0      0      0      1      0      0      0      0      0      0
    6    187     34     32      0      0      0      0      0      0   3996   1965      0      0      0      1      0      0      0      0      0      0
    7    191     41     39      0      0      0      0      0      0   3996   1965      0      0      0      1      0      0      0      0      0      0
    0    773     64     62     98     28      0      0      0      0   3996   1965      0      0  20914  20915      0      0      0      0     94      1
    1    231     59     56      0      0      0      0      0      0   3996   1965      0      0      0      1      0      0      0      0      0      0
    2    190     34     33      0      0      0      0      0      0   3996   1965      0      0      0      1      0      0      0      0      0      0
    3    201     44     43      0      0      0      0      0      0   3996   1965      0      0      0      1      0      0      0      0      0      0
    4    187     33     31      0      0      0      0      0      0   3996   1965      0      0      0      1      0      0      0      0      0      2
    5    202     42     40      0      0      0      0      0      0   3996   1965      0      0      0      1      0      0      0      0      0      0
    6    187     34     32      0      0      0      0      0      0   3996   1965      0      0      0      1      0      0      0      0      0      0
    7    191     41     39      0      0      0      0      0      0   3996   1965      0      0      0      1      0      0      0      0      0      0
    0    765     65     61     97     27      0      0      0      0   3996   1965      0      0  20914  20915      0      0      0      0      3     11
    1    231     59     55      0      0      0      0      0      0   3996   1965      0      0      0      1      0      0      0      0      0      0
    2    190     34     33      0      0      0      0      0      0   3996   1965      0      0      0      1      0      0      0      0      0      0
    3    201     44     42      0      0      0      0      0      0   3996   1965      0      0      0      1      0      0      0      0      0      0
    4    187     33     31      0      0      0      0      0      0   3996   1965      0      0      0      1      0      0      0      0      0      0
    5    202     42     40      0      0      0      0      0      0   3996   1965      0      0      0      1      0      0      0      0      0      2
    6    187     34     32      0      0      0      0      0      0   3996   1965      0      0      0      1      0      0      0      0      0      2
    7    191     41     39      0      0      0      0      0      0   3996   1965      0      0      0      1      0      0      0      0      0      1
    0    768     65     61     98     28      0      0      0      0   3996   1965      0      0  20914  20915      0      0      0      0     40     17
    1    231     59     55      0      0      0      0      0      0   3996   1965      0      0      0      1      0      0      0      0      0      0
    2    190     34     32      0      0      0      0      0      0   3996   1965      0      0      0      1      0      0      0      0      0      0
    3    201     44     42      0      0      0      0      0      0   3996   1965      0      0      0      1      0      0      0      0      0      0
    4    187     33     31      0      0      0      0      0      0   3996   1965      0      0      0      1      0      0      0      0      0      0
    5    202     42     40      0      0      0      0      0      0   3996   1965      0      0      0      1      0      0      0      0      0      0
    6    187     34     32      0      0      0      0      0      0   3996   1965      0      0      0      1      0      0      0      0      0      0
    7    191     41     39      0      0      0      0      0      0   3996   1965      0      0      0      1      0      0      0      0      0      2
    0    773     64     62     97     29      0      0      0      0   3996   1965      0      0  20914  20915      0      0      0      0    117      6
    1    231     59     55      0      0      0      0      0      0   3996   1965      0      0      0      1      0      0      0      0      0      0
    2    190     34     33      0      0      0      0      0      0   3996   1965      0      0      0      1      0      0      0      0      1      1
    3    201     44     42      0      0      0      0      0      0   3996   1965      0      0      0      1      0      0      0      0      0      0
    4    187     33     31      0      0      0      0      0      0   3996   1965      0      0      0      1      0      0      0      0      0      0
    5    202     42     40      0      0      0      0      0      0   3996   1965      0      0      0      1      0      0      0      0      0      0
    6    187     34     32      0      0      0      0      0      0   3996   1965      0      0      0      1      0      0      0      0      0      0
    7    191     41     39      0      0      0      0      0      0   3996   1965      0      0      0      1      0      0      0      0      0      0
