=== time ===
Sun Sep  6 05:10:04 AM UTC 2026
=== uptime ===
 05:10:04 up 13 days, 30 min, 21 users,  load average: 5.30, 9.14, 10.80
=== vmstat 1 5 ===
procs -----------memory---------- ---swap-- -----io---- -system-- ------cpu-----
 r  b   swpd   free   buff  cache   si   so    bi    bo   in   cs us sy id wa st
 5  0      0 18594812 26928044 3979835136    0    0    16    24  187  380  1  0 98  0  0
 5  0      0 18594812 26928044 3979835136    0    0     0   248 39565 63501  2  0 98  0  0
 5  0      0 18594812 26928044 3979835136    0    0     0   524 38693 66086  1  0 98  0  0
 5  0      0 18594812 26928044 3979835136    0    0     0   200 41265 125114  1  0 98  0  0
 5  0      0 18594812 26928044 3979835136    0    0     0    28 38779 60841  1  0 98  0  0
=== mpstat 1 3 ===
Average:     196    0.00    0.00    0.00    0.00    0.00    0.00    0.00    0.00    0.00  100.00
Average:     197    0.00    0.00    0.00    0.00    0.00    0.00    0.00    0.00    0.00  100.00
Average:     198    0.33    0.00    1.34    0.00    0.00    0.00    0.00    0.00    0.00   98.33
Average:     199   60.54    0.00   39.46    0.00    0.00    0.00    0.00    0.00    0.00    0.00
Average:     200    0.33    0.00    0.00    0.00    0.00    0.00    0.00    0.00    0.00   99.67
Average:     201    0.00    0.00    0.33    0.00    0.00    0.00    0.00    0.00    0.00   99.67
Average:     202    0.33    0.00    0.00    0.00    0.00    0.00    0.00    0.00    0.00   99.67
Average:     203    0.33    0.00    0.00    0.00    0.00    0.00    0.00    0.00    0.00   99.67
Average:     204    0.33    0.00    0.00    0.00    0.00    0.00    0.00    0.00    0.00   99.67
Average:     205    1.00    0.00    2.66    0.00    0.00    0.00    0.00    0.00    0.00   96.35
Average:     206    0.67    0.00    0.00    0.00    0.00    0.00    0.00    0.00    0.00   99.33
Average:     207    0.34    0.00    1.68    0.00    0.00    0.00    0.00    0.00    0.00   97.99
Average:     208    0.33    0.00    0.00    0.00    0.00    0.00    0.00    0.00    0.00   99.67
Average:     209    0.33    0.00    0.00    0.00    0.00    0.00    0.00    0.00    0.00   99.67
Average:     210    0.00    0.00    0.33    0.00    0.00    0.00    0.00    0.00    0.00   99.67
Average:     211    0.00    0.00    0.33    0.00    0.00    0.00    0.00    0.00    0.00   99.67
Average:     212    0.00    0.00    0.00    0.00    0.00    0.00    0.00    0.00    0.00  100.00
Average:     213    0.67    0.00    0.33    0.00    0.00    0.00    0.00    0.00    0.00   99.00
Average:     214    0.00    0.00    0.00    0.00    0.00    0.00    0.00    0.00    0.00  100.00
Average:     215    0.00    0.00    0.00    0.00    0.00    0.00    0.00    0.00    0.00  100.00
