Linux 5.15.152.bsk.9-amd64 (n116-077-207) 	09/06/2026 	_x86_64_	(216 CPU)

avg-cpu:  %user   %nice %system %iowait  %steal   %idle
           1.45    0.02    0.39    0.02    0.00   98.11

Device            r/s     rkB/s   rrqm/s  %rrqm r_await rareq-sz     w/s     wkB/s   wrqm/s  %wrqm w_await wareq-sz     d/s     dkB/s   drqm/s  %drqm d_await dareq-sz     f/s f_await  aqu-sz  %util
nvme0n1          5.04    267.39     0.33   6.17    0.26    53.10    2.43     96.12     1.80  42.59    0.44    39.62    0.17   1260.56     0.00   0.00    0.16  7294.28    0.00    0.05    0.00   0.09
nvme1n1          6.35     50.80     0.82  11.48    0.16     8.01    3.43    344.60     2.45  41.73    2.50   100.58    0.46    732.55     0.00   0.00    0.11  1597.81    0.00    0.04    0.01   0.11
nvme2n1          3.97    357.31     0.03   0.85    0.35    89.98    1.17    839.99     0.10   7.89    8.76   716.50    0.05   1545.99     0.00   0.00    0.28 32183.99    0.00    0.06    0.01   0.12
nvme3n1          3.04    176.06     0.16   5.10    0.21    58.00    3.00    102.37     3.79  55.75    0.32    34.07    0.37   1062.21     0.00   0.00    0.29  2867.53    0.00    0.04    0.00   0.11
nvme4n1          1.79     54.11     0.05   2.75    0.96    30.15   34.49    258.70     3.79   9.91    1.49     7.50    0.10    147.07     0.00   0.00    9.52  1422.85    0.00    0.00    0.05   0.66
nvme5n1          9.87    251.58     0.71   6.71    0.67    25.49   23.97   2231.10    19.83  45.27   18.39    93.09    2.23   4796.32     0.00   0.00    9.96  2154.10    0.00    0.00    0.47   2.76
nvme6n1          2.51    146.25     0.17   6.30    0.24    58.32    0.99     36.88     2.13  68.28    0.41    37.22    0.17    191.61     0.00   0.00    0.10  1153.51    0.00    0.05    0.00   0.06
nvme7n1          1.90    128.52     0.24  11.31    0.24    67.48    1.79    494.87     1.46  45.01    8.76   277.17    0.17    905.14     0.00   0.00    0.22  5298.47    0.00    0.04    0.02   0.08
nvme8n1         15.73   1946.06     0.44   2.70    0.31   123.74    1.20    733.26     0.94  44.03   33.43   612.20    0.33   1376.61     0.00   0.00    0.12  4216.24    0.00    0.05    0.04   0.17
nvme9n1          1.90    168.11     0.10   4.92    0.25    88.27    0.44    136.47     0.21  31.67    8.40   307.62    0.03    823.21     0.00   0.00    0.25 23711.43    0.00    0.06    0.00   0.04


avg-cpu:  %user   %nice %system %iowait  %steal   %idle
           1.15    0.00    0.74    0.00    0.00   98.11

Device            r/s     rkB/s   rrqm/s  %rrqm r_await rareq-sz     w/s     wkB/s   wrqm/s  %wrqm w_await wareq-sz     d/s     dkB/s   drqm/s  %drqm d_await dareq-sz     f/s f_await  aqu-sz  %util
nvme1n1          0.00      0.00     0.00   0.00    0.00     0.00   26.00    156.00    13.00  33.33    0.15     6.00    0.00      0.00     0.00   0.00    0.00     0.00    0.00    0.00    0.00   0.30
nvme4n1          1.00     16.00     0.00   0.00    0.00    16.00  148.00    712.00     2.00   1.33    2.03     4.81    0.00      0.00     0.00   0.00    0.00     0.00    0.00    0.00    0.30   1.80
nvme5n1          0.00      0.00     0.00   0.00    0.00     0.00    1.00     16.00     0.00   0.00    1.00    16.00    0.00      0.00     0.00   0.00    0.00     0.00    0.00    0.00    0.00   0.20
nvme6n1          0.00      0.00     0.00   0.00    0.00     0.00    2.00     36.00     7.00  77.78    0.00    18.00    0.00      0.00     0.00   0.00    0.00     0.00    0.00    0.00    0.00   0.10
nvme7n1          0.00      0.00     0.00   0.00    0.00     0.00    3.00    264.00     3.00  50.00    0.00    88.00    0.00      0.00     0.00   0.00    0.00     0.00    0.00    0.00    0.00   0.30


avg-cpu:  %user   %nice %system %iowait  %steal   %idle
           1.50    0.00    1.17    0.01    0.00   97.32

Device            r/s     rkB/s   rrqm/s  %rrqm r_await rareq-sz     w/s     wkB/s   wrqm/s  %wrqm w_await wareq-sz     d/s     dkB/s   drqm/s  %drqm d_await dareq-sz     f/s f_await  aqu-sz  %util
nvme0n1          0.00      0.00     0.00   0.00    0.00     0.00    2.00     12.00     1.00  33.33    0.00     6.00    0.00      0.00     0.00   0.00    0.00     0.00    0.00    0.00    0.00   0.20
nvme3n1          0.00      0.00     0.00   0.00    0.00     0.00    1.00      8.00     1.00  50.00    0.00     8.00    0.00      0.00     0.00   0.00    0.00     0.00    0.00    0.00    0.00   0.10
nvme4n1         13.00    204.00     0.00   0.00    0.46    15.69    3.00    112.00    25.00  89.29    0.33    37.33    2.00    524.00     0.00   0.00   10.50   262.00    0.00    0.00    0.03   3.20
nvme6n1          0.00      0.00     0.00   0.00    0.00     0.00    6.00     24.00     0.00   0.00    0.17     4.00    0.00      0.00     0.00   0.00    0.00     0.00    0.00    0.00    0.00   0.10
