405 |||||||||||||||
150 |||||||||||||
144 ||||||||||||||
74 ||||||||||
72 |||||||||||
44 ||||||||||||
43 ||
29 |||
27 |||||
25 ||||
22 ||||||||||||||||
21 ||||||
21 |
15 |||||||||||||||||
12 ||||||||
11 |||||||
9 ||||||||||||||||||||
9 ||||||||||||||||||
7 |||||||||||||||||||
5 |||||||||||||||||||||||||||||||||||||||||||||||||||||||||||||||||||||||||||||||||||||||||||||||||||||||||||||||||||||||||||||||
5 |||||||||||||||||||||
5 |||||||||
4 |||||||||||||||||||||||||||||||||||||||||||||||||||
4 |||||||||||||||||||||||||||||||||||||||||||||||||
3 |||||||||||||||||||||||||||||||||||||||||||||||||||||
