index, uuid, utilization.gpu [%], utilization.memory [%], memory.used [MiB], temperature.gpu, power.draw [W], clocks.current.sm [MHz], clocks_event_reasons.active
0, GPU-REDACTED, 97 %, 26 %, 20914 MiB, 61, 749.28 W, 1965 MHz, 0x0000000000000000
1, GPU-REDACTED, 0 %, 0 %, 0 MiB, 48, 215.23 W, 1965 MHz, 0x0000000000000001
2, GPU-REDACTED, 20 %, 0 %, 830 MiB, 34, 191.42 W, 1965 MHz, 0x0000000000000000
3, GPU-REDACTED, 0 %, 0 %, 0 MiB, 43, 199.27 W, 1965 MHz, 0x0000000000000001
4, GPU-REDACTED, 0 %, 0 %, 0 MiB, 34, 187.59 W, 1965 MHz, 0x0000000000000001
5, GPU-REDACTED, 0 %, 0 %, 0 MiB, 43, 203.56 W, 1965 MHz, 0x0000000000000001
6, GPU-REDACTED, 0 %, 0 %, 0 MiB, 34, 188.05 W, 1965 MHz, 0x0000000000000001
7, GPU-REDACTED, 0 %, 0 %, 0 MiB, 42, 192.39 W, 1965 MHz, 0x0000000000000001

gpu_uuid, pid, process_name, used_gpu_memory [MiB]
GPU-REDACTED, 2176064, python, 20900 MiB
GPU-REDACTED, 2179915, /usr/bin/python3, 816 MiB

# gpu    pwr  gtemp  mtemp     sm    mem    enc    dec    jpg    ofa   mclk   pclk  pviol  tviol     fb   bar1   ccpm  sbecc  dbecc    pci  rxpci  txpci
# Idx      W      C      C      %      %      %      %      %      %    MHz    MHz      %   bool     MB     MB     MB   errs   errs   errs   MB/s   MB/s
    0    751     59     56     97     27      0      0      0      0   3996   1965      0      0  20914  20915      0      0      0      0     96      4
    1    215     48     46      0      0      0      0      0      0   3996   1965      0      0      0      1      0      0      0      0      0      0
    2    191     34     33     20      0      0      0      0      0   3996   1965      0      0    830    831      0      0      0      0    160     27
    3    199     43     41      0      0      0      0      0      0   3996   1965      0      0      0      1      0      0      0      0      0      0
    4    187     34     31      0      0      0      0      0      0   3996   1965      0      0      0      1      0      0      0      0      0      0
    5    203     43     41      0      0      0      0      0      0   3996   1965      0      0      0      1      0      0      0      0      0      0
    6    188     34     32      0      0      0      0      0      0   3996   1965      0      0      0      1      0      0      0      0      0      0
    7    192     42     40      0      0      0      0      0      0   3996   1965      0      0      0      1      0      0      0      0      0      2
    0    754     60     55     98     28      0      0      0      0   3996   1965      0      0  20914  20915      0      0      0      0     35      7
    1    215     49     46      0      0      0      0      0      0   3996   1965      0      0      0      1      0      0      0      0      0      0
    2    191     34     33     20      0      0      0      0      0   3996   1965      0      0    830    831      0      0      0      0    154     28
    3    198     43     41      0      0      0      0      0      0   3996   1965      0      0      0      1      0      0      0      0      0      0
    4    187     34     31      0      0      0      0      0      0   3996   1965      0      0      0      1      0      0      0      0      0      0
    5    203     43     41      0      0      0      0      0      0   3996   1965      0      0      0      1      0      0      0      0      0      0
    6    188     34     33      0      0      0      0      0      0   3996   1965      0      0      0      1      0      0      0      0      0      0
    7    192     42     40      0      0      0      0      0      0   3996   1965      0      0      0      1      0      0      0      0      0      0
    0    754     59     56     98     27      0      0      0      0   3996   1965      0      0  20914  20915      0      0      0      0     40      5
    1    215     49     46      0      0      0      0      0      0   3996   1965      0      0      0      1      0      0      0      0      0      0
    2    191     34     33     20      0      0      0      0      0   3996   1965      0      0    830    831      0      0      0      0    153     26
    3    199     43     41      0      0      0      0      0      0   3996   1965      0      0      0      1      0      0      0      0      0      0
    4    187     34     31      0      0      0      0      0      0   3996   1965      0      0      0      1      0      0      0      0      0      0
    5    203     43     41      0      0      0      0      0      0   3996   1965      0      0      0      1      0      0      0      0      0      0
    6    188     34     33      0      0      0      0      0      0   3996   1965      0      0      0      1      0      0      0      0      0      2
    7    192     42     40      0      0      0      0      0      0   3996   1965      0      0      0      1      0      0      0      0      0      0
